27 6 0.95 0.7 1 0 1 0.325 35 1000 5.35 0.4 -5.2 950 2600 mr_basic;
28 15 0.45 1.2 0.45 2 0 0.325 95 1200 4.7 0.355 -5.8 900 2100 strongish;
26 19 0.4 1.2 0.63 1 1 0.35 80 803.54 2.63 0.85 -3.65 900 2300 semisolids;
28 19.4 0.567 1.5 0.51 1 1 0.525 101.024 1066 4.3 0.33 -3.857 900 2500 more_edge;
28 22.15 0.48 1.2 0.378 2 1 0.325 90 930 3.94 0.3 -4.166 900 2250 cold_lead;
22 17.481 0.449 1.2 0.5 2 1 0.72 80 1050 3.2 0.756 -4.881 950 2600 blues_soup;
28 14.81 0.559 0.9 0.7165 1 1 1.22 350 920 6.3 0.488 -5.189 810 2300 faux_phaze;
29.165 14 0.55 0.61 0.732 1 0 0.72 80 1123.23 7.971 0.346 -7.746 1100 2200 dinghy;
28 12 0.4 1.2 0 2 1 2.2 330 440 3 0.81 -9.3 900 2000 WOW_moment;
28 20.155 0.512 1.2 0.126 2 1 0.925 125 883.465 7.127 0.065 -6.11 1100 2062 honey_punch;
25 19.48 0.433 1.2 0.45 1 1 0.325 66.22 1200 3.754 0 -3.44 1000 2100 sweet_presence;
24.535 19.5 0.441 1.4 0.45 2 1 0.325 70 951.969 3.286 0.96 -4.983 900 2200 solo-dity;
26 22.16 0.7 1.05 0.512 3 1 0.325 30 1100 4.31654 0.4 -4.677 900 2400 some_edge;
28 26.1 0.528 1.2 0.433 3 1 0.325 42 929.134 2.255 0.66 -3.653 1000 2700 cool_lead;
24.8 14 0.55 1.2 0.283 2 1 0.72 80 1123.23 7.971 0.377 -7.542 900 2400 blues_pea_soup;
27 14.81 0.5 1.3 0.819 1 1 0.85 350 1123.23 4.3 0.425 -4.471 810 2500 phazey_daze;
26 17.481 0.512 1.1 0.45 1 1 0.325 61 775 4.972 0.37 -5.597 950 2200 ciggy;
26 24.8346 0.5 1 0.441 1 1 0.525 84.9606 1066 9 0.33 -7.85 900 2070 sharpish_edge;
25 14.139 0.409 1 0.087 1 1 4.6 42 1088.98 5.722 0.472 -6.415 900 2500 indie_pop;
27.5 19 0.3 1.1 0.63 1 1 1.358 350 183.8 12 0.048 -10 810 2000 bass_heart;
25 52.912 0.9 1.3 0.025 5 1 0.325 55 930 2.9 0.66 -4.471 950 2050 heavyish_lead;
26 40.21 0.41 1.4 0.45 3 1 0.325 42 1200 6.284 0.276 -7.03 898 1900 sponged_and_pressed;
22.22 25.503 0.433 1.1 0.449 2 1 0.325 61 775 3.473 0.591 -4.369 950 2000 rolled_ciggy;
20 24.9 0.38 1.2 0.68 0 1 5 350 1290 3.23 0.465 -3.857 910 2000 astro_aqua_boy;
28 15.4756 0.559 1.2 0.769 2 1 0.325 35 1388 3.47323 0.0922 -4.063 950 2200 red_clay;
24.85 50.238 0.843 1.2 0.17 4 0 1 35 1154 3.504 0.638 -4.47 950 2100 wash_me;
28 26.2 0.378 1.05 0.61 1 1 1.05 170.63 700.787 2.443 0.543 -2.834 1030 2300 3rd_shift;
