6 1 0.80 0 950 0.325 35 595 1.4 -1.27 1 0.75 2600 default;
15 0.45 0.45 2 900 0.325 95 1200 4.7 -5.8 1 0.355 2100 strongish;
19 0.63 0.45 1 900 0.35 80 790 3.75 -2.95 1 0.55 2100 semisolids;
19.4 0.51 0.48 1 900 0.525 125 1066 4.3 -3.33 1 0.33 2500 more_edge;
21.5 0.228 0.48 2 900 0.325 90 930 4.68 -3.6 1 0.3 2200 cold_lead;
14 0.5 0.48 2 950 0.72 80 1050 3.2 -4.26 1 0.8 2300 blues_soup;
19 0.63 0.48 1 810 1.22 350 920 6.3 -3.96 1 0.488 2300 faux_phaze;
15.5 0.03 0.5 1 900 0.325 90 1100 3.1 -3.25 1 0.75 2500 indie_town;
12 0 0.35 2 900 2.2 330 440 3 -9.3 1 0.81 2000 WOW_moment;
15.5 0.03 0.48 1 1100 0.925 125 915 9.1 -5.25 1 0.065 1850 honey_punch;
15 0.45 0.47 2 1000 0.325 55 1200 5.067 -5.1 1 0 2100 sweet_presence;
15 0.45 0.47 2 900 0.325 70 900 2.73 -3.66 1 0.7 2400 solidity;
19 0.63 0.44 1 900 0.325 30 1100 4.3 -3.96 1 0.4 2400 some_edge;
17.5 0.3 0.57 3 1000 0.325 42 930 2.9 -3.86 1 0.66 2000 cool_lead;
14 0.5 0.55 2 900 0.72 80 1050 3.4 -3.55 1 0.95 2200 blues_pea_soup;
19 0.63 0.48 1 810 0.85 350 920 4.3 -3.96 1 0.425 2500 phazey_daze;
10.84 0.546 0.45 1 950 0.325 61 775 6.07 -5.77 1 0.819 2200 ciggy;
19.4 0.51 0.48 1 900 0.525 115 1066 7.53 -7.23 1 0.33 2070 sharper_edge;
19.4 0.51 0.45 1 900 4.6 42 720 1.946 -1.73 1 0.223 2500 indie_pop;
19 0.63 0.44 1 910 1.148 350 118.5 12 -8.9 1 0.048 2000 bass_heart;
33 0.025 0.85 5 1031.5 0.325 55 930 2.9 -3.859 0 0.66 2050 heavyish_lead;
33.0 0.45 0.5 4 898 0.325 42 1200 5.067 -5.099 0 0 1900 sponged_and_pressed;
18.636 0.546 0.40 2 950 0.325 61 775 3.473 -6.212 0 0.591 2000 rolled_ciggy;
24.9 0.68 0.44 0 910 5 350 1290 3.23 -3.3 1 0.861 2000 astro_aqua_boy;
10.57 0.769 0.5 2 950 0.325 35 1388 3.779 -4.8 0 0.092 2200 red_clay;
30.76 0.17 0.75 4 950 1 35 1154 3.504 -4.2 0 0.638 2100 wash_me;
16.5 0.61 0.44 1 1030 1.05 194 575.0 2.48 -1.0 1 0.928 1950 3rd_shift;
