27 6 0.95 0.7 1 0 0 0.325 35 1250 6.1 0.4 -4.8 950 2600 noodles;
28 15 0.45 1.2 0.4 2 1 0.325 95 1200 4.7 0.355 -5.8 900 2100 strongish;
26 13.47 0.378 1.2 0.63 1 1 0.35 52.835 837.795 3.192 0.431 -3.02 900 2300 semiSol;
26.465 14.807 0.567 1.106 0.622 1 0 0.525 101 1066 4.3 0.354 -3.74 960 2150 moria_edge;
28 22.15 0.48 0.996 0.441 2 1 1.7 12.677 930 3.38 0.575 -3.355 1090 2250 colderII;
22 17.481 0.449 1.2 0.5 2 1 0.72 80 1050 3.2 0.756 -4.881 950 2600 rock_steady;
28 14.81 0.49 0.9 0.716 1 1 1.22 350 920 5.816 0.441 -5.905 810 2300 faux_phazzy;
28 14 0.5 0.61 0.732 1 0 0.72 80 1123.23 7.971 0.346 -7.746 1100 2200 dinghy;
28 12 0.4 1.2 0.811 1 1 0.757 350 986.22 8.252 0.323 -7.234 900 2000 shallow_end;
28 20.155 0.512 1.1 0.126 2 1 0.925 125 883.465 7.127 0.065 -6.11 1100 2062 honey_punch;
25 19.48 0.433 1.2 0.45 1 1 0.325 66.22 1200 3.754 0 -3.44 1000 2100 sweet_presence;
24.535 19.5 0.441 1.4 0.45 2 1 0.325 70 951.969 3.286 0.96 -4.983 900 2200 solo-dity;
26 22.16 0.7 1.05 0.512 3 1 0.325 30 1100 4.31654 0.4 -4.677 900 2400 some_edge;
28 26.1 0.528 1.2 0.433 3 1 0.325 42 929.134 2.255 0.66 -3.653 1000 2700 cool_lead;
24.8 14 0.55 1.2 0.283 2 1 0.72 80 1123.23 7.971 0.377 -7.542 900 2400 blues_pea_soup;
27 14.81 0.5 1.1 0.819 1 1 0.85 285.748 1203.15 4.3 0.425 -4.47 810 2500 lazy_phazey;
29.937 50.238 0.819 1.5 0.016 5 0 1 35 1154 3.504 0.732 -5.39 866 2274.02 longFriskyDays;
24.5 22.15 0.394 1.1 0.583 0 1 1.7 12.677 930 3.38 0.543 -4.062 1090 2250 chilled_in;
39 30.183 0.598 0.77 0.299 3 0 0.481 42 1066.14 10.969 0.354 -7.44 948.8 2601.57 hot_ramen;
29.165 10.128 0.433 0.85 0.89 1 1 0.757 350 1020.47 6.284 0.252 -5.289 900 2000 shallowPallor;
25 52.5 0.9 1.3 0.025 5 1 0.325 55 930 2.9 0.66 -4.471 950 2050 heavyish_lead;
26 40.21 0.41 1.4 0.45 3 1 0.325 42 1200 6.284 0.276 -7.03 898 1900 sponged_and_pressed;
22.22 25.503 0.433 1.1 0.449 2 1 0.325 61 775 3.473 0.591 -4.369 950 2000 rolled_ciggy;
26 24.9 0.43 1.2 0.68 0 1 5 350 1290 3.23 0.465 -3.857 910 2000 astro_aqua_boy;
28 15.4756 0.559 1.2 0.769 2 1 0.325 35 1388 3.47323 0.0922 -4.063 950 2200 red_clay;
24.85 50.238 0.843 1.2 0.17 4 0 1 35 1154 3.504 0.638 -4.47 950 2100 wash_me;
28 26.2 0.378 1.05 0.61 1 1 1.05 170.63 700.787 2.443 0.543 -2.834 1030 2300 3rd_shift;
